gripper_left_center_indent: [0.041489, 0, 0.1034]
gripper_left_center_flat: [0.0399, 0, 0.1034]
gripper_right_center_indent: [-0.041489, 0, 0.1034]
gripper_right_center_flat: [-0.0399, 0, 0.1034]
gripper_left_tip_indent: [0.041489, 0, 0.112204]
gripper_left_tip_flat: [0.0399, 0, 0.112204]
gripper_right_tip_indent: [-0.041489, 0, 0.112204]
gripper_right_tip_flat: [-0.0399, 0, 0.112204]
l_z: 0.01754
l_y: 0.01754
